letter,phase_letter,mean_mse,min_mse,max_mse,stdev_mse,mean_mape,min_mape,max_mape,stdev_mape,mean_mae,min_mae,max_mae,stdev_mae,mean_training_time,mean_num_epochs,location_scheme,datastream_scheme,num_experiments
W,16_W,0.01468,0.01236,0.0174,0.00208,214826.62435,94531.36719,475317.0625,0.00208,0.08567,0.07685,0.09524,0.00758,60.86824,78.91667,0,0,12
N,16_N,0.01494,0.01192,0.01762,0.002,209311.65755,117159.77344,543667.75,0.002,0.08657,0.07595,0.09568,0.00721,55.36249,72.33333,0,0,12
AB,16_AB,0.0147,0.01222,0.01845,0.0023,235081.72201,42675.27344,488549.125,0.0023,0.08548,0.07704,0.09792,0.00813,63.86105,84.08333,0,0,12
Q,16_Q,0.01589,0.0025,0.03501,0.01128,3083816.7613,22.52285,14715625.0,0.01128,0.08403,0.02282,0.14742,0.0433,55.58022,74.27083,0,1,48
M,16_M,0.01445,0.00657,0.02039,0.00275,435340.01719,21.76231,1868408.625,0.00275,0.08386,0.05395,0.10297,0.00965,103.84379,94.09444,1,0,180
V,16_V,0.01477,0.006,0.02143,0.00273,445254.46611,19.15689,1741202.625,0.00273,0.085,0.05132,0.10502,0.00973,104.96996,94.91667,1,0,180
C,16_C,0.01581,0.00296,0.03496,0.01101,2423869.23191,3350.10645,12970738.0,0.01101,0.08322,0.0161,0.14747,0.04344,53.56852,71.125,0,1,48
T,16_T,0.01436,0.01231,0.01763,0.00197,255275.62891,93638.35938,534373.5,0.00197,0.08467,0.07739,0.09601,0.00695,63.24287,83.58333,0,0,12
AA,16_AA,0.01599,0.00343,0.03608,0.01133,2796941.32644,20.82395,14139541.0,0.01133,0.08396,0.01907,0.14931,0.04381,53.08875,70.8125,0,1,48
F,16_F,0.01585,0.00266,0.03605,0.01137,2576430.8854,19.26344,14903605.0,0.01137,0.08357,0.01703,0.15006,0.04404,57.21731,76.0625,0,1,48
I,16_I,0.03692,0.00109,0.36565,0.07606,640623.05073,11.16071,21794856.0,0.07606,0.11105,0.00595,0.57553,0.12118,61.60605,54.04454,1,1,696
AD,16_AD,0.0139,0.01169,0.01768,0.00214,226590.37109,116816.125,552304.625,0.00214,0.0835,0.07495,0.09616,0.00756,69.36676,91.83333,0,0,12
Y,16_Y,0.01486,0.01241,0.01739,0.00201,211352.98112,99054.83594,426336.4375,0.00201,0.08629,0.07636,0.09553,0.00732,65.79635,86.83333,0,0,12
B,16_B,0.01409,0.00603,0.02027,0.00274,462610.86492,34.93932,2223887.0,0.00274,0.08249,0.04971,0.10142,0.01002,105.91271,95.67778,1,0,180
J,16_J,0.0148,0.00636,0.02099,0.0027,485166.29576,13013.53516,1931411.125,0.0027,0.08514,0.05073,0.1048,0.00961,104.62951,94.13333,1,0,180
D,16_D,0.01526,0.00096,0.05914,0.01138,2489555.76189,11.86186,18931028.0,0.01138,0.07997,0.00684,0.19876,0.04318,77.27111,68.27586,1,1,696
G,16_G,0.01412,0.01202,0.0173,0.00208,218538.17904,75077.13281,468346.40625,0.00208,0.08379,0.07577,0.09435,0.00751,65.24229,85.83333,0,0,12
A,16_A,0.01457,0.01215,0.0171,0.00189,197437.48893,67248.75,591489.875,0.00189,0.08521,0.07646,0.09541,0.00707,60.41688,79.66667,0,0,12
