letter,phase_letter,mean_mse,min_mse,max_mse,stdev_mse,mean_mape,min_mape,max_mape,stdev_mape,mean_mae,min_mae,max_mae,stdev_mae,mean_training_time,mean_num_epochs,location_scheme,datastream_scheme,num_experiments
Q,8_Q,0.01529,0.00304,0.04828,0.01182,1952901.686,14.62783,15023845.0,0.01182,0.07964,0.01135,0.16227,0.04424,134.41252,90.39583,0,1,48
AA,8_AA,0.0152,0.00115,0.05852,0.01269,1896385.42883,14.94221,10589667.0,0.01269,0.07881,0.01135,0.17733,0.04498,129.46013,85.97917,0,1,48
C,8_C,0.01528,0.00202,0.07147,0.01358,2180203.30222,18.94292,13093540.0,0.01358,0.07914,0.01531,0.1969,0.04519,137.43574,93.1875,0,1,48
F,8_F,0.01524,0.00386,0.04754,0.01145,2467952.73655,18.38577,12008944.0,0.01145,0.07892,0.01941,0.16344,0.04226,145.73853,99.04167,0,1,48
I,8_I,0.03391,0.00042,0.38123,0.07282,649036.45401,10.41667,18262864.0,0.07282,0.10422,0.00322,0.58803,0.11714,151.84456,66.64224,1,1,696
V,8_V,0.01352,0.00552,0.04411,0.00537,397547.20353,21.5824,2262389.0,0.00537,0.0795,0.04981,0.16537,0.01479,263.9718,119.07778,1,0,180
AD,8_AD,0.0138,0.01065,0.02232,0.00302,242553.73633,103800.83594,495003.375,0.00302,0.08058,0.07064,0.09101,0.00633,168.87969,112.91667,0,0,12
Y,8_Y,0.01391,0.01084,0.01731,0.00236,216500.92643,76311.26562,437522.375,0.00236,0.08211,0.0717,0.09516,0.0074,155.5207,103.5,0,0,12
B,8_B,0.01228,0.00437,0.03253,0.00342,349097.36986,18.76477,1849258.25,0.00342,0.07562,0.04331,0.11091,0.01108,258.69601,117.84444,1,0,180
J,8_J,0.01413,0.00521,0.10608,0.00868,410971.00763,21.15381,2877408.0,0.00868,0.08028,0.04667,0.22572,0.01761,265.37304,120.46111,1,0,180
W,8_W,0.01416,0.01085,0.01861,0.0027,249872.87174,97665.34375,550338.25,0.0027,0.08207,0.0708,0.09374,0.00708,169.42596,113.83333,0,0,12
D,8_D,0.01375,0.0007,0.06989,0.01152,2174115.65299,12.5,21052576.0,0.01152,0.07448,0.0056,0.19758,0.04285,187.06532,82.72557,1,1,696
A,8_A,0.01389,0.01066,0.01802,0.00233,244390.03906,79585.45312,483442.65625,0.00233,0.08143,0.07048,0.09163,0.0063,162.76098,109.83333,0,0,12
G,8_G,0.01339,0.01003,0.01663,0.00204,245897.01888,80115.57812,423993.34375,0.00204,0.08021,0.06789,0.09276,0.00674,174.57376,117.16667,0,0,12
M,8_M,0.01264,0.00477,0.04034,0.00343,396002.33298,19.53738,2050749.0,0.00343,0.07708,0.04539,0.1147,0.01027,271.96788,123.10556,1,0,180
T,8_T,0.01354,0.01048,0.02089,0.00273,256505.89648,118127.00781,455865.6875,0.00273,0.08022,0.06861,0.0904,0.00654,171.74172,115.08333,0,0,12
N,8_N,0.01397,0.01108,0.01811,0.00191,249221.45573,99482.60938,568999.4375,0.00191,0.08273,0.07256,0.0969,0.00666,168.67971,111.58333,0,0,12
