letter,phase_letter,mean_accuracy,min_accuracy,max_accuracy,stdev_accuracy,mean_mse,min_mse,max_mse,stdev_mse,mean_training_time,mean_num_epochs,location_scheme,datastream_scheme,num_experiments
C,10_C,0.87659,0.7649,0.93693,0.04478,0.0856,0.04477,0.16263,0.02886,121.42204,82.35417,0,1,48
Q,10_Q,0.87045,0.75792,0.92982,0.04769,0.09222,0.05068,0.17305,0.03342,109.96849,73.95833,0,1,48
J,10_J,0.88825,0.78635,0.95223,0.02892,0.07831,0.03747,0.16852,0.01959,160.88901,72.51111,1,0,180
V,10_V,0.88865,0.78338,0.94529,0.02971,0.0781,0.04064,0.16404,0.01935,164.35698,73.77222,1,0,180
T,10_T,0.91846,0.9004,0.93627,0.01022,0.05853,0.0496,0.06897,0.00631,113.31516,75.91667,0,0,12
AB,10_AB,0.90814,0.89608,0.93718,0.01164,0.06437,0.04413,0.07199,0.00815,116.0212,77.66667,0,0,12
Y,10_Y,0.91203,0.89575,0.93235,0.01338,0.06141,0.0478,0.07308,0.00896,116.95361,78.25,0,0,12
I,10_I,0.82142,0.63725,0.941,0.06955,0.12926,0.04811,0.23463,0.04854,111.99224,49.60632,1,1,696
A,10_A,0.91545,0.87004,0.93889,0.01989,0.0606,0.04709,0.08875,0.01177,103.30285,69.0,0,0,12
F,10_F,0.872,0.74052,0.92818,0.05448,0.0873,0.05122,0.15661,0.03186,112.57435,75.91667,0,1,48
N,10_N,0.91319,0.88717,0.93431,0.01462,0.0606,0.04608,0.07982,0.01048,113.97263,76.16667,0,0,12
AD,10_AD,0.91576,0.88725,0.93108,0.01285,0.05993,0.04967,0.07587,0.00786,114.16203,76.83333,0,0,12
AA,10_AA,0.86488,0.73287,0.92882,0.05161,0.09513,0.05321,0.1935,0.03456,105.23154,71.0,0,1,48
D,10_D,0.84266,0.64734,0.9587,0.06713,0.10986,0.02945,0.21449,0.0429,161.30778,71.83908,1,1,696
M,10_M,0.89003,0.81899,0.95575,0.02684,0.07667,0.03439,0.1322,0.01748,157.98078,71.62222,1,0,180
G,10_G,0.90716,0.88581,0.92575,0.01148,0.06519,0.05573,0.07897,0.00706,102.75909,68.75,0,0,12
W,10_W,0.91564,0.89584,0.94816,0.01433,0.05982,0.03777,0.07191,0.00955,103.60686,68.91667,0,0,12
B,10_B,0.90894,0.84615,0.95745,0.02177,0.06413,0.03307,0.09792,0.01346,177.96151,80.39444,1,0,180
Q,11_Q,0.85415,0.73693,0.91649,0.05076,0.10425,0.05915,0.18036,0.03635,107.75576,72.02778,0,1,36
AB,11_AB,0.90326,0.88567,0.9268,0.01339,0.0696,0.05347,0.07979,0.00966,118.23929,78.91667,0,0,12
F,11_F,0.86254,0.76732,0.92206,0.05262,0.09279,0.05804,0.14485,0.0307,111.46557,74.66667,0,1,36
N,11_N,0.89726,0.85185,0.9159,0.0171,0.07275,0.05842,0.10106,0.01189,125.66865,83.66667,0,0,12
B,11_B,0.87532,0.75,0.94355,0.03568,0.0875,0.04096,0.17399,0.02516,163.00711,73.63333,1,0,180
M,11_M,0.8517,0.69805,0.92415,0.04333,0.10437,0.05461,0.20446,0.02997,130.11876,58.43333,1,0,180
C,11_C,0.87176,0.75737,0.92321,0.04434,0.09002,0.05468,0.15431,0.02952,118.53653,79.75,0,1,36
T,11_T,0.90118,0.87568,0.91932,0.01366,0.06932,0.05732,0.08411,0.00915,122.72135,82.25,0,0,12
D,11_D,0.82476,0.66643,0.93452,0.06437,0.12287,0.05506,0.2055,0.04009,153.20138,68.22287,1,1,516
G,11_G,0.90535,0.88406,0.9216,0.01244,0.0671,0.05642,0.08302,0.00799,120.05984,80.83333,0,0,12
Y,11_Y,0.89568,0.88438,0.91457,0.01066,0.07406,0.06075,0.08297,0.00781,112.7207,75.08333,0,0,12
I,11_I,0.80614,0.65217,0.93622,0.06618,0.14182,0.05109,0.22397,0.04432,104.69468,46.49419,1,1,516
A,11_A,0.90508,0.88123,0.93562,0.01356,0.06753,0.04616,0.08385,0.00924,123.50646,83.08333,0,0,12
AD,11_AD,0.90252,0.87157,0.91494,0.01232,0.06893,0.05994,0.08667,0.00815,124.13292,83.16667,0,0,12
AA,11_AA,0.85415,0.73856,0.92335,0.04892,0.10412,0.06225,0.16852,0.03378,109.5421,73.61111,0,1,36
V,11_V,0.85064,0.68843,0.93034,0.043,0.10447,0.05172,0.19892,0.02823,139.98417,63.4,1,0,180
J,11_J,0.84827,0.71078,0.93215,0.0415,0.10653,0.05166,0.2049,0.02944,135.87526,61.6,1,0,180
W,11_W,0.8977,0.87536,0.92321,0.01689,0.07283,0.0554,0.08953,0.01198,113.62314,76.16667,0,0,12
J,12_J,0.8902,0.82609,0.94412,0.02581,0.07665,0.04242,0.12332,0.01605,163.06899,73.15556,1,0,180
G,12_G,0.91501,0.89672,0.93812,0.01341,0.06018,0.04558,0.07135,0.00825,113.38532,75.83333,0,0,12
W,12_W,0.91533,0.89436,0.92974,0.01072,0.0599,0.04975,0.07367,0.00736,119.23975,79.5,0,0,12
T,12_T,0.91654,0.89829,0.94075,0.01315,0.06009,0.04318,0.07494,0.00956,119.28313,79.58333,0,0,12
V,12_V,0.89134,0.82925,0.95575,0.02555,0.07605,0.03879,0.10969,0.01582,164.63461,73.89444,1,0,180
Y,13_Y,0.91178,0.88534,0.93458,0.01344,0.0618,0.04823,0.08004,0.00892,109.2854,73.25,0,0,12
V,13_V,0.89134,0.8024,0.94776,0.02711,0.0764,0.04263,0.13384,0.01719,163.26441,73.65,1,0,180
A,13_A,0.91487,0.89627,0.93752,0.01092,0.06035,0.04506,0.07385,0.0078,94.44368,63.75,0,0,12
G,13_G,0.91731,0.89367,0.93502,0.01193,0.05851,0.04711,0.07349,0.00727,111.18815,74.83333,0,0,12
AB,13_AB,0.91784,0.90556,0.92979,0.00788,0.05889,0.05181,0.06631,0.00495,112.37817,75.66667,0,0,12
B,13_B,0.90836,0.84127,0.95692,0.02247,0.06486,0.03245,0.10952,0.01476,171.3429,78.13333,1,0,180
T,13_T,0.91896,0.89968,0.93725,0.0109,0.05852,0.04591,0.06997,0.00682,106.5027,71.5,0,0,12
F,13_F,0.89997,0.82745,0.93333,0.0204,0.07008,0.04922,0.10816,0.01216,119.71552,80.91667,0,1,36
AA,13_AA,0.88998,0.83929,0.92816,0.02239,0.07776,0.05206,0.10922,0.01576,106.35298,72.11111,0,1,36
M,13_M,0.886,0.7796,0.95575,0.02751,0.07976,0.03426,0.12242,0.01721,149.34589,67.22778,1,0,180
C,13_C,0.8959,0.85522,0.92882,0.01982,0.07332,0.05057,0.09853,0.01315,116.34082,79.05556,0,1,36
Q,13_Q,0.89118,0.77092,0.92963,0.02715,0.07652,0.05212,0.13384,0.01525,108.3611,73.08333,0,1,36
D,13_D,0.86599,0.68862,0.95238,0.05043,0.09243,0.0376,0.18728,0.0299,166.62765,74.7907,1,1,516
J,13_J,0.88848,0.81826,0.93707,0.02409,0.0774,0.04389,0.11771,0.01531,162.60967,73.67778,1,0,180
N,13_N,0.90755,0.88719,0.92367,0.01227,0.06564,0.05257,0.0789,0.00809,115.07219,76.91667,0,0,12
I,13_I,0.83684,0.61688,0.94512,0.06483,0.11559,0.04245,0.22198,0.04299,131.54311,58.81202,1,1,516
W,13_W,0.90941,0.88889,0.9319,0.01514,0.06366,0.05021,0.07557,0.0093,111.63438,74.66667,0,0,12
AD,13_AD,0.91516,0.8932,0.93591,0.01359,0.06061,0.04925,0.07466,0.00823,109.35258,73.58333,0,0,12
J,14_J,0.89032,0.82036,0.94395,0.02602,0.07634,0.04023,0.11826,0.01574,165.09265,73.96111,1,0,180
V,14_V,0.88751,0.81643,0.94529,0.02431,0.07793,0.04204,0.13825,0.01568,158.29547,70.99444,1,0,180
G,14_G,0.92085,0.90081,0.94448,0.01274,0.05626,0.04082,0.06743,0.00774,111.35911,74.0,0,0,12
T,14_T,0.91135,0.88998,0.93774,0.0169,0.06356,0.04557,0.07841,0.01086,109.16209,72.0,0,0,12
W,14_W,0.91064,0.88374,0.93176,0.01659,0.0629,0.04968,0.07945,0.01043,110.21813,72.58333,0,0,12
