letter,phase_letter,mean_mse,min_mse,max_mse,stdev_mse,mean_mape,min_mape,max_mape,stdev_mape,mean_mae,min_mae,max_mae,stdev_mae,mean_training_time,mean_num_epochs,location_scheme,datastream_scheme,num_experiments
G,18_G,0.01554,0.01262,0.01909,0.00282,248394.38542,136344.40625,464846.15625,0.00282,0.08894,0.07859,0.10197,0.00976,46.40557,62.75,0,0,12
Q,18_Q,0.01672,0.0032,0.03813,0.01268,2643977.81966,53624.32031,12868109.0,0.01268,0.08622,0.01989,0.15384,0.04723,44.45776,60.47917,0,1,48
A,18_A,0.01519,0.01243,0.01823,0.0026,257883.17969,146932.79688,561384.9375,0.0026,0.08759,0.0778,0.09784,0.00917,49.69691,66.75,0,0,12
J,18_J,0.01589,0.00681,0.02306,0.00315,290749.54753,24247.25977,1346247.375,0.00315,0.08951,0.05409,0.11123,0.01076,76.70912,71.48333,1,0,180
V,18_V,0.01588,0.00682,0.02314,0.00313,311540.31911,24199.79492,1604165.75,0.00313,0.08952,0.05496,0.11058,0.0106,76.36216,70.91111,1,0,180
N,18_N,0.01525,0.01251,0.01803,0.00247,262830.1276,132929.125,681663.125,0.00247,0.08803,0.07805,0.09791,0.00879,51.78192,69.25,0,0,12
AD,18_AD,0.01561,0.01257,0.01853,0.00269,243203.27279,116328.47656,541522.625,0.00269,0.08905,0.07809,0.09838,0.00918,47.43698,63.66667,0,0,12
B,18_B,0.01517,0.00659,0.02157,0.00307,308649.64756,24206.61719,1440966.75,0.00307,0.08706,0.05294,0.10628,0.01058,77.6526,72.56667,1,0,180
W,18_W,0.01524,0.01244,0.01797,0.00251,256133.57357,124425.53906,527221.1875,0.00251,0.08788,0.07745,0.09707,0.00871,55.76234,74.41667,0,0,12
T,18_T,0.01549,0.01248,0.01868,0.00276,241968.26172,165129.76562,454175.65625,0.00276,0.08868,0.07836,0.1005,0.00962,46.857,63.33333,0,0,12
AB,18_AB,0.01524,0.01259,0.01793,0.00255,253494.5319,114571.08594,529534.375,0.00255,0.0878,0.07756,0.09836,0.00894,49.91063,67.08333,0,0,12
AA,18_AA,0.01679,0.0032,0.04034,0.01285,2715772.40902,55237.80469,12800023.0,0.01285,0.08656,0.02003,0.16129,0.04758,46.03461,62.6875,0,1,48
F,18_F,0.01684,0.00324,0.04206,0.01265,2270948.69987,55283.27734,10457600.0,0.01265,0.08624,0.01824,0.16329,0.04784,45.94224,62.8125,0,1,48
C,18_C,0.01669,0.00324,0.03887,0.0126,2642571.20361,52513.14453,13012205.0,0.0126,0.08623,0.01888,0.15566,0.04707,38.05607,51.75,0,1,48
M,18_M,0.01546,0.00707,0.02132,0.003,314225.54342,23492.02148,1344305.25,0.003,0.08817,0.05603,0.10543,0.01015,77.8913,72.33889,1,0,180
Y,18_Y,0.01533,0.01244,0.01799,0.00239,237799.98633,113136.97656,609531.5625,0.00239,0.08807,0.07736,0.09804,0.00859,48.09051,64.25,0,0,12
