letter,phase_letter,mean_mse,min_mse,max_mse,stdev_mse,mean_training_time,mean_num_epochs,location_scheme,datastream_scheme,num_experiments
X,X,0.01832,0.01102,0.03283,0.00566,45.38428,100.0,0,0,12
AC,AC,0.01055,0.00556,0.0162,0.00337,45.37094,100.0,0,0,12
H,H,0.08246,0.0,0.38337,0.10608,40.37065,59.68333,1,1,720
AE,AE,0.03857,0.00028,0.24624,0.03699,64.30373,98.27222,1,0,180
L,L,0.0697,0.00383,0.30187,0.05435,59.17133,89.20556,1,0,180
E,E,0.02217,0.00033,0.08243,0.022,46.3307,100.0,0,1,48
Z,Z,0.03522,0.00079,0.11277,0.03363,38.87063,86.1875,0,1,48
U,U,0.06907,0.00319,0.30955,0.06083,59.4851,89.63889,1,0,180
S,S,0.01682,0.01132,0.02645,0.00475,45.75162,100.0,0,0,12
AH,AH,0.02537,0.00026,0.09103,0.02483,45.01871,99.125,0,1,48
