letter,phase_letter,mean_mse,min_mse,max_mse,stdev_mse,mean_mape,min_mape,max_mape,stdev_mape,mean_mae,min_mae,max_mae,stdev_mae,mean_training_time,mean_num_epochs,location_scheme,datastream_scheme,num_experiments
G,9_G,0.01412,0.01188,0.01685,0.00168,260404.60482,129878.24219,497642.84375,0.00168,0.08383,0.07591,0.09427,0.00654,77.63983,92.0,0,0,12
AB,9_AB,0.01431,0.01095,0.0167,0.00198,236158.41276,116164.42188,489560.71875,0.00198,0.0845,0.07268,0.09292,0.0074,70.9868,83.83333,0,0,12
AD,9_AD,0.01383,0.01147,0.01695,0.00185,263134.63737,109888.77344,490013.59375,0.00185,0.08298,0.0742,0.09505,0.00691,75.76926,90.33333,0,0,12
T,9_T,0.01401,0.01169,0.01768,0.00194,244114.90234,93692.375,450975.875,0.00194,0.08339,0.07454,0.09541,0.00689,70.2822,83.25,0,0,12
V,9_V,0.01452,0.0061,0.02059,0.00278,490750.10885,20.64997,3101255.75,0.00278,0.08409,0.05042,0.10364,0.00999,118.16578,95.35556,1,0,180
F,9_F,0.01583,0.00228,0.03995,0.01142,2468204.55686,21.03994,12328786.0,0.01142,0.08298,0.01658,0.15859,0.04438,66.61691,79.54167,0,1,48
I,9_I,0.03242,0.00054,0.38006,0.0686,914744.9941,8.63095,21031304.0,0.0686,0.10501,0.00355,0.58306,0.11059,70.69711,55.78736,1,1,696
AA,9_AA,0.01575,0.00203,0.03597,0.01165,2849741.34969,18.14763,13175961.0,0.01165,0.08314,0.02028,0.14997,0.04413,60.9853,73.02083,0,1,48
W,9_W,0.01454,0.01227,0.01731,0.00194,207815.42513,92944.13281,435450.8125,0.00194,0.08508,0.07757,0.09499,0.00683,69.41005,81.66667,0,0,12
N,9_N,0.01461,0.01181,0.01788,0.00234,246562.0625,140593.40625,458676.9375,0.00234,0.08554,0.07573,0.09704,0.00809,70.61775,83.5,0,0,12
Y,9_Y,0.01499,0.01147,0.0188,0.0021,237219.50326,85979.57812,565963.5625,0.0021,0.08665,0.07568,0.09873,0.00758,66.39044,78.66667,0,0,12
J,9_J,0.01459,0.00633,0.02046,0.00274,504591.77095,17.43495,2998576.5,0.00274,0.08434,0.05041,0.10259,0.0099,117.85253,95.12778,1,0,180
Q,9_Q,0.01564,0.00222,0.03792,0.01175,2814427.35046,18.34859,16293748.0,0.01175,0.08321,0.02004,0.15404,0.04473,60.70446,72.45833,0,1,48
M,9_M,0.01425,0.00625,0.02073,0.00281,430654.42946,19.95929,1996627.125,0.00281,0.08315,0.05203,0.10284,0.00998,117.08155,94.31111,1,0,180
