letter,phase_letter,mean_mse,min_mse,max_mse,stdev_mse,mean_mape,min_mape,max_mape,stdev_mape,mean_mae,min_mae,max_mae,stdev_mae,mean_training_time,mean_num_epochs,location_scheme,datastream_scheme,num_experiments
AF,3_AF,0.01428,0.00626,0.0204,0.0026,455283.10061,26.36789,1785233.625,0.0026,0.08317,0.05206,0.10194,0.00928,114.76334,94.17778,1,0,180
AA,3_AA,0.01576,0.00204,0.03553,0.01112,2133577.57171,16.27962,12873562.0,0.01112,0.08264,0.01438,0.14813,0.04444,64.31933,78.5625,0,1,48
G,3_G,0.01411,0.01184,0.01712,0.00183,268476.7168,102905.98438,400810.75,0.00183,0.08392,0.07578,0.09462,0.0066,72.3276,86.0,0,0,12
N,3_N,0.01441,0.01156,0.01745,0.00205,231427.91016,119832.16406,439356.28125,0.00205,0.08502,0.07662,0.09574,0.00725,74.28872,89.25,0,0,12
Y,3_Y,0.01462,0.01265,0.01702,0.0015,272710.59896,98833.19531,484222.5625,0.0015,0.08519,0.0783,0.09402,0.00579,75.76056,91.0,0,0,12
M,3_M,0.02008,0.01045,0.30743,0.03666,479701.72277,35.08664,2408148.5,0.03666,0.09329,0.06899,0.46581,0.04843,113.87456,93.48333,1,0,180
AG,3_AG,0.0148,0.01148,0.01801,0.0025,228059.11035,28935.97266,502681.65625,0.0025,0.08609,0.07435,0.09715,0.00861,69.87871,84.0,0,0,12
T,3_T,0.01382,0.01057,0.01737,0.00219,218499.31055,85904.53906,453734.71875,0.00219,0.08321,0.07269,0.09525,0.00782,75.31907,91.25,0,0,12
AI,3_AI,0.01568,0.00178,0.03519,0.0111,2830358.44936,17.96769,16208509.0,0.0111,0.08297,0.02042,0.14797,0.04344,62.93606,76.4375,0,1,48
W,3_W,0.0143,0.01182,0.0179,0.00206,240362.0944,95728.28125,490090.875,0.00206,0.08449,0.07557,0.09661,0.00745,72.27051,86.83333,0,0,12
I,3_I,0.03164,0.00051,0.38468,0.06922,754643.93989,11.27451,16179236.0,0.06922,0.10285,0.00499,0.58845,0.11046,73.61606,58.96121,1,1,696
Q,3_Q,0.01549,0.00192,0.03505,0.01106,2583001.50768,18.33259,11806554.0,0.01106,0.08251,0.01729,0.14815,0.04365,65.34691,79.45833,0,1,48
F,3_F,0.01584,0.00148,0.03544,0.01102,2542665.15769,22.62666,11585192.0,0.01102,0.08367,0.01625,0.14891,0.04374,60.24954,72.45833,0,1,48
AJ,3_AJ,0.01399,0.01117,0.01773,0.00218,261147.79818,147488.96875,467334.125,0.00218,0.08334,0.07292,0.09477,0.0077,72.47598,87.41667,0,0,12
V,3_V,0.01993,0.0093,0.29866,0.03619,489827.3535,32.41472,2474066.25,0.03619,0.093,0.06443,0.45647,0.04784,113.8801,93.77222,1,0,180
AD,3_AD,0.01382,0.01095,0.01684,0.00197,211290.25326,45344.28906,424347.8125,0.00197,0.08308,0.07347,0.0937,0.00724,71.8457,86.5,0,0,12
AB,3_AB,0.01423,0.01114,0.0172,0.00199,243915.97786,109079.83594,388319.8125,0.00199,0.08414,0.07354,0.09487,0.00717,74.79104,90.66667,0,0,12
J,3_J,0.01457,0.0055,0.02044,0.00281,429499.3137,19.24441,1954204.25,0.00281,0.08425,0.04951,0.10277,0.01001,114.12476,93.56667,1,0,180
