letter,phase_letter,mean_mse,min_mse,max_mse,stdev_mse,mean_mape,min_mape,max_mape,stdev_mape,mean_mae,min_mae,max_mae,stdev_mae,mean_training_time,mean_num_epochs,location_scheme,datastream_scheme,num_experiments
AD,5_AD,0.01487,0.01293,0.01766,0.0017,110696.07129,40112.91016,175227.42188,0.0017,0.08901,0.08138,0.09923,0.00683,71.24276,86.33333,0,0,12
W,5_W,0.01531,0.0119,0.0182,0.00223,107075.21159,55286.36719,160376.40625,0.00223,0.09044,0.07924,0.10063,0.00785,71.41066,85.75,0,0,12
AB,5_AB,0.01539,0.01269,0.01825,0.00198,110808.55094,17654.35352,208730.375,0.00198,0.09045,0.08218,0.10024,0.00701,73.83239,89.08333,0,0,12
A,5_A,0.01522,0.01158,0.01883,0.00244,146321.98861,23922.62891,244328.98438,0.00244,0.09018,0.0783,0.10239,0.00864,71.15901,84.91667,0,0,12
Y,5_Y,0.01519,0.01246,0.01872,0.00236,130958.29248,21852.51367,273129.03125,0.00236,0.09021,0.08065,0.10214,0.00837,70.8562,85.66667,0,0,12
I,5_I,0.04783,0.0059,0.37787,0.08918,233304.17587,16.03345,3441340.75,0.08918,0.14205,0.05302,0.57493,0.12789,87.23742,70.19767,1,1,516
C,5_C,0.01965,0.00763,0.03763,0.01018,219192.19499,19.90035,697373.8125,0.01018,0.10294,0.0613,0.15139,0.03003,67.56505,82.38889,0,1,36
D,5_D,0.01917,0.00518,0.05956,0.01072,291144.36826,16.36791,3292613.25,0.01072,0.10004,0.04991,0.19998,0.03031,99.03581,80.26357,1,1,516
V,5_V,0.01553,0.0068,0.0224,0.00288,249215.99851,17.19647,1534892.625,0.00288,0.09017,0.05631,0.11123,0.01,116.16445,95.49444,1,0,180
B,5_B,0.01478,0.00667,0.02152,0.00289,242497.27048,17.70339,1766872.875,0.00289,0.08733,0.0545,0.1092,0.01042,115.16215,94.99444,1,0,180
F,5_F,0.01955,0.00615,0.0369,0.01088,182900.65078,17.92719,744558.125,0.01088,0.10295,0.05711,0.14965,0.0317,68.37686,83.5,0,1,36
N,5_N,0.01517,0.01193,0.01835,0.00229,100490.54362,25701.68359,174772.84375,0.00229,0.0906,0.08011,0.10128,0.00811,69.69635,83.5,0,0,12
J,5_J,0.01547,0.00703,0.02274,0.00285,241656.47555,16.81621,1881888.625,0.00285,0.08999,0.0571,0.11298,0.01,115.50114,94.84444,1,0,180
AA,5_AA,0.01967,0.00714,0.03843,0.01032,210416.16885,20.45318,753723.75,0.01032,0.10365,0.06077,0.15371,0.02996,64.97069,79.30556,0,1,36
T,5_T,0.01483,0.01226,0.01864,0.00224,108081.36214,31513.81445,235491.3125,0.00224,0.08935,0.07911,0.10174,0.00785,72.49526,87.75,0,0,12
G,5_G,0.01474,0.01203,0.0179,0.00196,134047.33659,84465.51562,399368.71875,0.00196,0.08878,0.07819,0.09993,0.00731,71.24146,86.08333,0,0,12
M,5_M,0.01518,0.0074,0.02196,0.0029,246806.96407,17.60684,2491623.25,0.0029,0.08905,0.05929,0.10941,0.00994,114.82509,94.31667,1,0,180
Q,5_Q,0.01962,0.0075,0.03641,0.01044,193670.62652,18.34403,618938.4375,0.01044,0.10327,0.06293,0.15155,0.03069,70.92035,86.08333,0,1,36
J,6_J,0.01454,0.00551,0.02091,0.00262,454785.7485,20.71869,2557720.0,0.00262,0.08404,0.04891,0.10386,0.00944,118.19917,96.17222,1,0,180
G,6_G,0.01414,0.0125,0.01813,0.00184,230457.42904,117560.52344,566834.6875,0.00184,0.08373,0.077,0.09633,0.00651,72.57202,87.08333,0,0,12
T,6_T,0.01405,0.01191,0.01702,0.00189,264518.78906,108704.42188,451324.0,0.00189,0.08373,0.07592,0.09477,0.00689,72.23485,86.16667,0,0,12
W,6_W,0.01446,0.01192,0.01784,0.00201,241269.67839,110012.47656,489360.03125,0.00201,0.08487,0.07527,0.09615,0.00737,73.53829,86.66667,0,0,12
V,6_V,0.01448,0.0065,0.02556,0.00292,481796.13643,31.96541,2556040.25,0.00292,0.08387,0.05257,0.10729,0.01009,117.30685,94.92222,1,0,180
W,7_W,0.01454,0.01151,0.01772,0.00208,235992.50781,108240.07031,506821.5,0.00208,0.08522,0.07507,0.09633,0.00738,70.61678,84.83333,0,0,12
J,7_J,0.01467,0.00612,0.02116,0.00266,465706.19671,25.2806,1865992.25,0.00266,0.08472,0.05043,0.10597,0.00949,115.8092,94.91667,1,0,180
G,7_G,0.01411,0.01145,0.01668,0.00187,257389.11784,77570.01562,580388.9375,0.00187,0.08389,0.07535,0.09291,0.00657,70.99967,85.41667,0,0,12
V,7_V,0.01463,0.00599,0.02048,0.00265,464148.45895,22.62451,1815768.625,0.00265,0.08453,0.05041,0.10283,0.00945,115.70999,95.17222,1,0,180
