letter,phase_letter,mean_mse,min_mse,max_mse,stdev_mse,mean_mape,min_mape,max_mape,stdev_mape,mean_mae,min_mae,max_mae,stdev_mae,mean_training_time,mean_num_epochs,location_scheme,datastream_scheme,num_experiments
V,2_V,0.01991,0.01009,0.29269,0.0353,463148.59135,27.09373,2526864.5,0.0353,0.09305,0.06753,0.45261,0.04707,114.25447,93.96111,1,0,180
AD,2_AD,0.01394,0.01155,0.01735,0.00192,272876.36263,112548.70312,476392.34375,0.00192,0.08325,0.07428,0.09517,0.00712,77.86411,94.5,0,0,12
Q,2_Q,0.01567,0.00207,0.03526,0.01128,1991833.61797,15.76824,12491915.0,0.01128,0.08259,0.01296,0.1483,0.04488,62.7688,75.72917,0,1,48
W,2_W,0.01427,0.0111,0.01737,0.00209,261116.98633,119829.00781,453455.53125,0.00209,0.08434,0.07422,0.09517,0.00738,76.53803,91.58333,0,0,12
N,2_N,0.01428,0.01064,0.01801,0.00217,213637.2487,107848.52344,518774.1875,0.00217,0.08418,0.07262,0.09705,0.0078,73.19787,87.41667,0,0,12
B,2_B,0.01392,0.00554,0.02053,0.0028,441050.21702,18.67358,1552212.25,0.0028,0.0819,0.04816,0.10224,0.01022,119.02753,95.86667,1,0,180
Y,2_Y,0.01423,0.01125,0.01681,0.00221,236790.39518,98107.59375,570164.0625,0.00221,0.08386,0.07346,0.09337,0.00784,75.15405,90.91667,0,0,12
J,2_J,0.02007,0.01102,0.30038,0.03572,473227.0575,34.08968,2314009.75,0.03572,0.09359,0.07153,0.45929,0.04761,115.19027,93.33333,1,0,180
A,2_A,0.01447,0.01123,0.018,0.00227,230928.12826,95577.21094,513652.59375,0.00227,0.08498,0.07416,0.09652,0.00798,70.03224,82.58333,0,0,12
C,2_C,0.01557,0.00246,0.03688,0.01115,2321596.52542,21.33337,12959137.0,0.01115,0.08213,0.01285,0.14888,0.04342,61.25727,72.83333,0,1,48
AB,2_AB,0.01453,0.01219,0.01763,0.00199,302443.56055,114443.61719,633162.6875,0.00199,0.0852,0.07669,0.09612,0.00703,73.59194,89.08333,0,0,12
G,2_G,0.01408,0.0121,0.01684,0.00181,267853.17513,105698.24219,581258.5,0.00181,0.08359,0.07639,0.09366,0.00677,74.21641,87.58333,0,0,12
D,2_D,0.01515,0.0008,0.05938,0.01145,2598533.05646,10.11905,20929562.0,0.01145,0.0797,0.00574,0.19767,0.04313,88.62376,69.55747,1,1,696
AA,2_AA,0.01598,0.00273,0.036,0.011,1956231.67877,16.20924,12473918.0,0.011,0.0829,0.01517,0.14829,0.04408,58.54241,71.52083,0,1,48
F,2_F,0.01575,0.00343,0.0345,0.01093,2324435.52903,22.51718,12147587.0,0.01093,0.08276,0.01827,0.14706,0.04362,69.19463,82.60417,0,1,48
I,2_I,0.04683,0.00062,0.37697,0.09251,678087.1098,10.41667,18233310.0,0.09251,0.12538,0.00486,0.58148,0.14236,67.55729,53.94684,1,1,696
M,2_M,0.02,0.01063,0.30964,0.03656,469856.17723,34.3083,2870210.0,0.03656,0.09309,0.06754,0.46897,0.0484,116.73975,95.11111,1,0,180
T,2_T,0.01434,0.01207,0.01745,0.00194,222082.81706,57078.07812,494029.375,0.00194,0.08441,0.0763,0.09475,0.00683,75.55912,89.66667,0,0,12
AA,3_AA,0.01576,0.00204,0.03553,0.01112,2133577.57171,16.27962,12873562.0,0.01112,0.08264,0.01438,0.14813,0.04444,64.31933,78.5625,0,1,48
G,3_G,0.01411,0.01184,0.01712,0.00183,268476.7168,102905.98438,400810.75,0.00183,0.08392,0.07578,0.09462,0.0066,72.3276,86.0,0,0,12
N,3_N,0.01441,0.01156,0.01745,0.00205,231427.91016,119832.16406,439356.28125,0.00205,0.08502,0.07662,0.09574,0.00725,74.28872,89.25,0,0,12
Y,3_Y,0.01462,0.01265,0.01702,0.0015,272710.59896,98833.19531,484222.5625,0.0015,0.08519,0.0783,0.09402,0.00579,75.76056,91.0,0,0,12
M,3_M,0.02008,0.01045,0.30743,0.03666,479701.72277,35.08664,2408148.5,0.03666,0.09329,0.06899,0.46581,0.04843,113.87456,93.48333,1,0,180
T,3_T,0.01382,0.01057,0.01737,0.00219,218499.31055,85904.53906,453734.71875,0.00219,0.08321,0.07269,0.09525,0.00782,75.31907,91.25,0,0,12
W,3_W,0.0143,0.01182,0.0179,0.00206,240362.0944,95728.28125,490090.875,0.00206,0.08449,0.07557,0.09661,0.00745,72.27051,86.83333,0,0,12
I,3_I,0.03164,0.00051,0.38468,0.06922,754643.93989,11.27451,16179236.0,0.06922,0.10285,0.00499,0.58845,0.11046,73.61606,58.96121,1,1,696
Q,3_Q,0.01549,0.00192,0.03505,0.01106,2583001.50768,18.33259,11806554.0,0.01106,0.08251,0.01729,0.14815,0.04365,65.34691,79.45833,0,1,48
F,3_F,0.01584,0.00148,0.03544,0.01102,2542665.15769,22.62666,11585192.0,0.01102,0.08367,0.01625,0.14891,0.04374,60.24954,72.45833,0,1,48
V,3_V,0.01993,0.0093,0.29866,0.03619,489827.3535,32.41472,2474066.25,0.03619,0.093,0.06443,0.45647,0.04784,113.8801,93.77222,1,0,180
AD,3_AD,0.01382,0.01095,0.01684,0.00197,211290.25326,45344.28906,424347.8125,0.00197,0.08308,0.07347,0.0937,0.00724,71.8457,86.5,0,0,12
AB,3_AB,0.01423,0.01114,0.0172,0.00199,243915.97786,109079.83594,388319.8125,0.00199,0.08414,0.07354,0.09487,0.00717,74.79104,90.66667,0,0,12
J,3_J,0.01457,0.0055,0.02044,0.00281,429499.3137,19.24441,1954204.25,0.00281,0.08425,0.04951,0.10277,0.01001,114.12476,93.56667,1,0,180
