letter,phase_letter,mean_mse,min_mse,max_mse,stdev_mse,mean_mape,min_mape,max_mape,stdev_mape,mean_mae,min_mae,max_mae,stdev_mae,mean_training_time,mean_num_epochs,location_scheme,datastream_scheme,num_experiments
F,20_F,0.01679,0.00322,0.03772,0.01244,2482632.54159,45960.30469,11741354.0,0.01244,0.08627,0.01949,0.15407,0.04716,48.25285,64.375,0,1,48
Y,20_Y,0.01516,0.01241,0.01759,0.00231,227207.62305,113085.03906,505513.53125,0.00231,0.08782,0.07771,0.09689,0.0084,56.49618,74.08333,0,0,12
AB,20_AB,0.01528,0.01253,0.0178,0.00237,241323.95052,131475.53125,496047.1875,0.00237,0.08793,0.07779,0.09719,0.00838,46.62088,61.33333,0,0,12
G,20_G,0.01564,0.01249,0.01887,0.00296,239263.63281,110241.09375,466211.375,0.00296,0.0889,0.07744,0.10045,0.01012,48.05828,63.58333,0,0,12
Q,20_Q,0.01683,0.00324,0.03966,0.01281,2762202.58952,53410.41797,13041116.0,0.01281,0.08665,0.01964,0.15743,0.04736,41.77307,55.5625,0,1,48
M,20_M,0.01546,0.00711,0.02107,0.00296,295523.47578,22177.83203,1272769.375,0.00296,0.08817,0.05636,0.10525,0.01007,81.19702,73.65,1,0,180
T,20_T,0.01554,0.01236,0.01851,0.00288,248087.64844,127976.1875,459250.0,0.00288,0.08873,0.07722,0.09956,0.01001,50.22917,66.5,0,0,12
J,20_J,0.01576,0.00699,0.02528,0.00307,282347.93048,25585.08008,1523803.0,0.00307,0.08897,0.05532,0.11595,0.01044,76.56392,69.95,1,0,180
W,20_W,0.01541,0.0126,0.01818,0.00241,248394.85547,108834.48438,661305.625,0.00241,0.08842,0.07818,0.09814,0.00847,49.66176,64.66667,0,0,12
V,20_V,0.01573,0.007,0.02177,0.003,286987.82509,24036.56836,1434509.0,0.003,0.08886,0.0551,0.11089,0.01043,77.8222,71.02222,1,0,180
N,20_N,0.01532,0.01234,0.01789,0.00238,217523.3776,118975.32812,454812.0625,0.00238,0.0882,0.07716,0.09858,0.00852,52.34698,68.25,0,0,12
AD,20_AD,0.01555,0.01254,0.01848,0.00274,252579.17708,171177.0625,503831.375,0.00274,0.08896,0.07816,0.10024,0.00971,46.68396,61.66667,0,0,12
AA,20_AA,0.01686,0.00325,0.0418,0.01281,2862742.76782,52969.70312,12390110.0,0.01281,0.08687,0.02169,0.15919,0.04729,45.12106,60.1875,0,1,48
