letter,phase_letter,mean_mse,min_mse,max_mse,stdev_mse,mean_mape,min_mape,max_mape,stdev_mape,mean_mae,min_mae,max_mae,stdev_mae,mean_training_time,mean_num_epochs,location_scheme,datastream_scheme,num_experiments
M,4_M,0.01691,0.00426,0.02631,0.00382,876803.33154,24.92582,11308728.0,0.00382,0.08885,0.02179,0.11276,0.01761,100.08647,82.2,1,0,180
Y,4_Y,0.01735,0.01507,0.01942,0.00135,523593.83464,179047.70312,1083255.625,0.00135,0.09306,0.08585,0.09934,0.00417,63.62723,76.75,0,0,12
B,4_B,0.01644,0.00272,0.0267,0.00417,1340679.00199,26.76471,12688846.0,0.00417,0.0874,0.02162,0.11022,0.01828,101.46897,83.79444,1,0,180
V,4_V,0.01731,0.00465,0.02687,0.00403,695942.77498,23.82353,4756119.0,0.00403,0.0902,0.02519,0.11451,0.01819,98.10209,80.65556,1,0,180
Q,4_Q,0.01737,0.00308,0.03612,0.0122,3050162.27832,35603.53516,11946130.0,0.0122,0.08528,0.01543,0.1486,0.04972,61.28957,74.41667,0,1,36
G,4_G,0.01699,0.01479,0.01962,0.00143,631269.17969,150628.5,1313602.875,0.00143,0.09233,0.08569,0.09942,0.00414,70.81137,85.91667,0,0,12
AA,4_AA,0.01725,0.00256,0.03584,0.01243,3739042.14345,37437.76953,13130704.0,0.01243,0.08592,0.01255,0.14979,0.04982,60.49321,73.72222,0,1,36
D,4_D,0.01664,0.00053,0.05891,0.01285,3369823.60839,10.51051,21367126.0,0.01285,0.08166,0.00421,0.20013,0.04936,75.01987,60.56783,1,1,516
I,4_I,0.04159,0.00042,0.36791,0.0831,838119.50829,9.30931,14629884.0,0.0831,0.11608,0.00357,0.57531,0.13293,52.90838,42.5,1,1,516
A,4_A,0.01714,0.01583,0.01829,0.00079,626711.70508,110381.85156,1113039.0,0.00079,0.09227,0.0873,0.09774,0.00273,70.06395,84.75,0,0,12
N,4_N,0.01725,0.01583,0.01876,0.00097,621604.93229,279592.9375,1078913.75,0.00097,0.09289,0.08857,0.09903,0.00318,76.16271,91.58333,0,0,12
AB,4_AB,0.01717,0.01472,0.0188,0.00115,552584.23698,213685.78125,1025186.0,0.00115,0.09299,0.08529,0.09913,0.0039,71.96325,87.08333,0,0,12
C,4_C,0.01659,0.00208,0.03711,0.01213,2573414.09438,48.08826,12962598.0,0.01213,0.08302,0.01321,0.14902,0.04996,62.67551,76.27778,0,1,36
T,4_T,0.01672,0.01434,0.01849,0.00119,722711.76562,408963.59375,1421420.5,0.00119,0.09171,0.08433,0.09735,0.00374,72.55446,87.91667,0,0,12
AD,4_AD,0.01702,0.01595,0.01886,0.00098,620704.91406,350435.53125,1111517.125,0.00098,0.09188,0.0888,0.0987,0.00326,70.64728,85.5,0,0,12
W,4_W,0.01666,0.01478,0.01838,0.00108,756854.03906,348683.34375,1189687.875,0.00108,0.09151,0.08579,0.09787,0.00378,76.07843,91.41667,0,0,12
J,4_J,0.01727,0.00311,0.02641,0.00406,715081.79189,24.40476,4883176.5,0.00406,0.09007,0.02269,0.11449,0.01814,96.78137,79.58889,1,0,180
F,4_F,0.01668,0.00171,0.03482,0.01258,3606144.46739,11627.85547,15387555.0,0.01258,0.08477,0.01855,0.14724,0.04976,63.17198,77.11111,0,1,36
