letter,phase_letter,mean_mse,min_mse,max_mse,stdev_mse,mean_mape,min_mape,max_mape,stdev_mape,mean_mae,min_mae,max_mae,stdev_mae,mean_training_time,mean_num_epochs,location_scheme,datastream_scheme,num_experiments
AD,5_AD,0.01487,0.01293,0.01766,0.0017,110696.07129,40112.91016,175227.42188,0.0017,0.08901,0.08138,0.09923,0.00683,71.24276,86.33333,0,0.0,12
W,5_W,0.01531,0.0119,0.0182,0.00223,107075.21159,55286.36719,160376.40625,0.00223,0.09044,0.07924,0.10063,0.00785,71.41066,85.75,0,0.0,12
AB,5_AB,0.01539,0.01269,0.01825,0.00198,110808.55094,17654.35352,208730.375,0.00198,0.09045,0.08218,0.10024,0.00701,73.83239,89.08333,0,0.0,12
A,5_A,0.01522,0.01158,0.01883,0.00244,146321.98861,23922.62891,244328.98438,0.00244,0.09018,0.0783,0.10239,0.00864,71.15901,84.91667,0,0.0,12
Y,5_Y,0.01519,0.01246,0.01872,0.00236,130958.29248,21852.51367,273129.03125,0.00236,0.09021,0.08065,0.10214,0.00837,70.8562,85.66667,0,0.0,12
I,5_I,0.04783,0.0059,0.37787,0.08918,233304.17587,16.03345,3441340.75,0.08918,0.14205,0.05302,0.57493,0.12789,87.23742,70.19767,1,1.0,516
C,5_C,0.01965,0.00763,0.03763,0.01018,219192.19499,19.90035,697373.8125,0.01018,0.10294,0.0613,0.15139,0.03003,67.56505,82.38889,0,1.0,36
D,5_D,0.01917,0.00518,0.05956,0.01072,291144.36826,16.36791,3292613.25,0.01072,0.10004,0.04991,0.19998,0.03031,99.03581,80.26357,1,1.0,516
V,5_V,0.01553,0.0068,0.0224,0.00288,249215.99851,17.19647,1534892.625,0.00288,0.09017,0.05631,0.11123,0.01,116.16445,95.49444,1,0.0,180
B,5_B,0.01478,0.00667,0.02152,0.00289,242497.27048,17.70339,1766872.875,0.00289,0.08733,0.0545,0.1092,0.01042,115.16215,94.99444,1,0.0,180
F,5_F,0.01955,0.00615,0.0369,0.01088,182900.65078,17.92719,744558.125,0.01088,0.10295,0.05711,0.14965,0.0317,68.37686,83.5,0,1.0,36
N,5_N,0.01517,0.01193,0.01835,0.00229,100490.54362,25701.68359,174772.84375,0.00229,0.0906,0.08011,0.10128,0.00811,69.69635,83.5,0,0.0,12
J,5_J,0.01547,0.00703,0.02274,0.00285,241656.47555,16.81621,1881888.625,0.00285,0.08999,0.0571,0.11298,0.01,115.50114,94.84444,1,0.0,180
AA,5_AA,0.01967,0.00714,0.03843,0.01032,210416.16885,20.45318,753723.75,0.01032,0.10365,0.06077,0.15371,0.02996,64.97069,79.30556,0,1.0,36
T,5_T,0.01483,0.01226,0.01864,0.00224,108081.36214,31513.81445,235491.3125,0.00224,0.08935,0.07911,0.10174,0.00785,72.49526,87.75,0,0.0,12
G,5_G,0.01474,0.01203,0.0179,0.00196,134047.33659,84465.51562,399368.71875,0.00196,0.08878,0.07819,0.09993,0.00731,71.24146,86.08333,0,0.0,12
M,5_M,0.01518,0.0074,0.02196,0.0029,246806.96407,17.60684,2491623.25,0.0029,0.08905,0.05929,0.10941,0.00994,114.82509,94.31667,1,0.0,180
Q,5_Q,0.01962,0.0075,0.03641,0.01044,193670.62652,18.34403,618938.4375,0.01044,0.10327,0.06293,0.15155,0.03069,70.92035,86.08333,0,1.0,36
J,6_J,0.01454,0.00551,0.02091,0.00262,454785.7485,20.71869,2557720.0,0.00262,0.08404,0.04891,0.10386,0.00944,118.19917,96.17222,1,0.0,180
G,6_G,0.01414,0.0125,0.01813,0.00184,230457.42904,117560.52344,566834.6875,0.00184,0.08373,0.077,0.09633,0.00651,72.57202,87.08333,0,0.0,12
T,6_T,0.01405,0.01191,0.01702,0.00189,264518.78906,108704.42188,451324.0,0.00189,0.08373,0.07592,0.09477,0.00689,72.23485,86.16667,0,0.0,12
W,6_W,0.01446,0.01192,0.01784,0.00201,241269.67839,110012.47656,489360.03125,0.00201,0.08487,0.07527,0.09615,0.00737,73.53829,86.66667,0,0.0,12
V,6_V,0.01448,0.0065,0.02556,0.00292,481796.13643,31.96541,2556040.25,0.00292,0.08387,0.05257,0.10729,0.01009,117.30685,94.92222,1,0.0,180
W,7_W,0.01454,0.01151,0.01772,0.00208,235992.50781,108240.07031,506821.5,0.00208,0.08522,0.07507,0.09633,0.00738,70.61678,84.83333,0,0.0,12
J,7_J,0.01467,0.00612,0.02116,0.00266,465706.19671,25.2806,1865992.25,0.00266,0.08472,0.05043,0.10597,0.00949,115.8092,94.91667,1,0.0,180
G,7_G,0.01411,0.01145,0.01668,0.00187,257389.11784,77570.01562,580388.9375,0.00187,0.08389,0.07535,0.09291,0.00657,70.99967,85.41667,0,0.0,12
V,7_V,0.01463,0.00599,0.02048,0.00265,464148.45895,22.62451,1815768.625,0.00265,0.08453,0.05041,0.10283,0.00945,115.70999,95.17222,1,0.0,180
Q,8_Q,0.01529,0.00304,0.04828,0.01182,1952901.686,14.62783,15023845.0,0.01182,0.07964,0.01135,0.16227,0.04424,134.41252,90.39583,0,1.0,48
AA,8_AA,0.0152,0.00115,0.05852,0.01269,1896385.42883,14.94221,10589667.0,0.01269,0.07881,0.01135,0.17733,0.04498,129.46013,85.97917,0,1.0,48
C,8_C,0.01528,0.00202,0.07147,0.01358,2180203.30222,18.94292,13093540.0,0.01358,0.07914,0.01531,0.1969,0.04519,137.43574,93.1875,0,1.0,48
F,8_F,0.01524,0.00386,0.04754,0.01145,2467952.73655,18.38577,12008944.0,0.01145,0.07892,0.01941,0.16344,0.04226,145.73853,99.04167,0,1.0,48
I,8_I,0.03391,0.00042,0.38123,0.07282,649036.45401,10.41667,18262864.0,0.07282,0.10422,0.00322,0.58803,0.11714,151.84456,66.64224,1,1.0,696
V,8_V,0.01352,0.00552,0.04411,0.00537,397547.20353,21.5824,2262389.0,0.00537,0.0795,0.04981,0.16537,0.01479,263.9718,119.07778,1,0.0,180
AD,8_AD,0.0138,0.01065,0.02232,0.00302,242553.73633,103800.83594,495003.375,0.00302,0.08058,0.07064,0.09101,0.00633,168.87969,112.91667,0,0.0,12
Y,8_Y,0.01391,0.01084,0.01731,0.00236,216500.92643,76311.26562,437522.375,0.00236,0.08211,0.0717,0.09516,0.0074,155.5207,103.5,0,0.0,12
B,8_B,0.01228,0.00437,0.03253,0.00342,349097.36986,18.76477,1849258.25,0.00342,0.07562,0.04331,0.11091,0.01108,258.69601,117.84444,1,0.0,180
J,8_J,0.01413,0.00521,0.10608,0.00868,410971.00763,21.15381,2877408.0,0.00868,0.08028,0.04667,0.22572,0.01761,265.37304,120.46111,1,0.0,180
W,8_W,0.01416,0.01085,0.01861,0.0027,249872.87174,97665.34375,550338.25,0.0027,0.08207,0.0708,0.09374,0.00708,169.42596,113.83333,0,0.0,12
D,8_D,0.01375,0.0007,0.06989,0.01152,2174115.65299,12.5,21052576.0,0.01152,0.07448,0.0056,0.19758,0.04285,187.06532,82.72557,1,1.0,696
A,8_A,0.01389,0.01066,0.01802,0.00233,244390.03906,79585.45312,483442.65625,0.00233,0.08143,0.07048,0.09163,0.0063,162.76098,109.83333,0,0.0,12
G,8_G,0.01339,0.01003,0.01663,0.00204,245897.01888,80115.57812,423993.34375,0.00204,0.08021,0.06789,0.09276,0.00674,174.57376,117.16667,0,0.0,12
M,8_M,0.01264,0.00477,0.04034,0.00343,396002.33298,19.53738,2050749.0,0.00343,0.07708,0.04539,0.1147,0.01027,271.96788,123.10556,1,0.0,180
T,8_T,0.01354,0.01048,0.02089,0.00273,256505.89648,118127.00781,455865.6875,0.00273,0.08022,0.06861,0.0904,0.00654,171.74172,115.08333,0,0.0,12
N,8_N,0.01397,0.01108,0.01811,0.00191,249221.45573,99482.60938,568999.4375,0.00191,0.08273,0.07256,0.0969,0.00666,168.67971,111.58333,0,0.0,12
AB,8_AB,0.01377,0.0118,0.01714,0.00172,258979.16471,98013.40625,615638.9375,0.00172,0.08114,0.07308,0.09399,0.00618,181.76636,121.08333,0,0.0,12
G,9_G,0.01412,0.01188,0.01685,0.00168,260404.60482,129878.24219,497642.84375,0.00168,0.08383,0.07591,0.09427,0.00654,77.63983,92.0,0,0.0,12
AB,9_AB,0.01431,0.01095,0.0167,0.00198,236158.41276,116164.42188,489560.71875,0.00198,0.0845,0.07268,0.09292,0.0074,70.9868,83.83333,0,0.0,12
AD,9_AD,0.01383,0.01147,0.01695,0.00185,263134.63737,109888.77344,490013.59375,0.00185,0.08298,0.0742,0.09505,0.00691,75.76926,90.33333,0,0.0,12
T,9_T,0.01401,0.01169,0.01768,0.00194,244114.90234,93692.375,450975.875,0.00194,0.08339,0.07454,0.09541,0.00689,70.2822,83.25,0,0.0,12
V,9_V,0.01452,0.0061,0.02059,0.00278,490750.10885,20.64997,3101255.75,0.00278,0.08409,0.05042,0.10364,0.00999,118.16578,95.35556,1,0.0,180
F,9_F,0.01583,0.00228,0.03995,0.01142,2468204.55686,21.03994,12328786.0,0.01142,0.08298,0.01658,0.15859,0.04438,66.61691,79.54167,0,1.0,48
I,9_I,0.03242,0.00054,0.38006,0.0686,914744.9941,8.63095,21031304.0,0.0686,0.10501,0.00355,0.58306,0.11059,70.69711,55.78736,1,1.0,696
AA,9_AA,0.01575,0.00203,0.03597,0.01165,2849741.34969,18.14763,13175961.0,0.01165,0.08314,0.02028,0.14997,0.04413,60.9853,73.02083,0,1.0,48
W,9_W,0.01454,0.01227,0.01731,0.00194,207815.42513,92944.13281,435450.8125,0.00194,0.08508,0.07757,0.09499,0.00683,69.41005,81.66667,0,0.0,12
N,9_N,0.01461,0.01181,0.01788,0.00234,246562.0625,140593.40625,458676.9375,0.00234,0.08554,0.07573,0.09704,0.00809,70.61775,83.5,0,0.0,12
Y,9_Y,0.01499,0.01147,0.0188,0.0021,237219.50326,85979.57812,565963.5625,0.0021,0.08665,0.07568,0.09873,0.00758,66.39044,78.66667,0,0.0,12
J,9_J,0.01459,0.00633,0.02046,0.00274,504591.77095,17.43495,2998576.5,0.00274,0.08434,0.05041,0.10259,0.0099,117.85253,95.12778,1,0.0,180
Q,9_Q,0.01564,0.00222,0.03792,0.01175,2814427.35046,18.34859,16293748.0,0.01175,0.08321,0.02004,0.15404,0.04473,60.70446,72.45833,0,1.0,48
M,9_M,0.01425,0.00625,0.02073,0.00281,430654.42946,19.95929,1996627.125,0.00281,0.08315,0.05203,0.10284,0.00998,117.08155,94.31111,1,0.0,180
C,10_C,8968.77083,2057.0,17451.0,6839.90108,596.58333,0.0,1579.0,6839.90108,893.02083,91.0,4895.0,1013.31813,121.42204,82.35417,1,0.04476509615778923,48
Q,10_Q,9064.72917,2040.0,17134.0,6878.42103,516.04167,0.0,1630.0,6878.42103,1059.72917,88.0,5009.0,1314.1575,109.96849,73.95833,1,0.05067528411746025,48
J,10_J,895.49444,125.0,2186.0,704.57914,71.91111,0.0,237.0,704.57914,64.03333,6.0,266.0,54.42066,160.88901,72.51111,1,0.03747327625751496,180
V,10_V,894.62222,124.0,2185.0,704.46013,73.65,0.0,266.0,704.46013,60.45556,5.0,221.0,47.9594,164.35698,73.77222,1,0.04064274579286575,180
T,10_T,9031.5,2149.0,16955.0,7117.63411,529.91667,112.0,1337.0,7117.63411,479.0,78.0,1009.0,376.08268,113.31516,75.91667,1,0.04960344731807709,12
AB,10_AB,9124.0,2058.0,16524.0,7233.2371,548.08333,104.0,1157.0,7233.2371,568.08333,128.0,1093.0,448.49475,116.0212,77.66667,1,0.044131964445114136,12
Y,10_Y,9040.25,2223.0,16325.0,7002.30954,559.5,117.0,1228.0,7002.30954,525.41667,85.0,1129.0,434.1467,116.95361,78.25,1,0.0478043220937252,12
I,10_I,945.57471,122.0,2197.0,741.49121,41.22701,0.0,326.0,741.49121,183.2227,2.0,758.0,197.38379,111.99224,49.60632,1,0.04810666292905808,696
A,10_A,9028.16667,2155.0,17036.0,7104.43191,567.08333,111.0,1755.0,7104.43191,479.58333,75.0,1056.0,404.72223,103.30285,69.0,1,0.047090455889701836,12
F,10_F,9110.72917,2125.0,17290.0,6912.37707,498.3125,0.0,1487.0,6912.37707,1053.85417,78.0,5034.0,1362.11559,112.57435,75.91667,1,0.05121588334441185,48
N,10_N,8998.83333,2144.0,16353.0,7035.30866,547.41667,125.0,1189.0,7035.30866,533.83333,76.0,1216.0,457.3564,113.97263,76.16667,1,0.046076882630586624,12
AD,10_AD,9014.58333,2221.0,16187.0,6992.0248,542.08333,82.0,1062.0,6992.0248,526.41667,75.0,1109.0,445.55878,114.16203,76.83333,1,0.049670007079839706,12
AA,10_AA,8994.52083,2032.0,17661.0,6802.73219,553.97917,0.0,1893.0,6802.73219,1120.89583,34.0,5778.0,1363.96252,105.23154,71.0,1,0.05320720002055168,48
D,10_D,935.27443,119.0,2217.0,735.09295,50.84052,0.0,369.0,735.09295,144.13937,6.0,690.0,170.47474,161.30778,71.83908,1,0.029447345063090324,696
M,10_M,895.83889,129.0,2171.0,704.96752,72.83333,1.0,274.0,704.96752,62.42778,5.0,238.0,52.2493,157.98078,71.62222,1,0.03439370170235634,180
G,10_G,8848.5,2080.0,16088.0,7005.75822,591.33333,104.0,1671.0,7005.75822,520.0,100.0,1007.0,399.43506,102.75909,68.75,1,0.055726010352373116,12
W,10_W,9244.33333,2200.0,17107.0,7256.14824,494.91667,87.0,1258.0,7256.14824,509.91667,80.0,1120.0,421.79281,103.60686,68.91667,1,0.03777386620640755,12
B,10_B,908.93333,121.0,2159.0,713.02666,59.61667,3.0,210.0,713.02666,51.83889,3.0,185.0,42.0415,177.96151,80.39444,1,0.033069085329771035,180
Q,11_Q,9125.61111,1882.0,18235.0,6987.58694,488.19444,0.0,1560.0,6987.58694,1279.02778,100.0,5187.0,1586.30537,107.75576,72.02778,1,0.05914893001317977,36
AB,11_AB,8826.91667,2116.0,16063.0,6915.28881,611.0,88.0,1273.0,6915.28881,577.66667,82.0,1246.0,470.42308,118.23929,78.91667,1,0.0534684993326664,12
F,11_F,9056.44444,2145.0,16960.0,6857.42262,547.66667,0.0,1403.0,6857.42262,1113.0,85.0,4266.0,1243.01868,111.46557,74.66667,1,0.058036398142576225,36
N,11_N,8871.33333,2096.0,17321.0,6952.07162,632.33333,93.0,1508.0,6952.07162,570.25,91.0,1101.0,431.73564,125.66865,83.66667,1,0.058416962623596184,12
B,11_B,905.26667,119.0,2183.0,716.53076,64.13889,0.0,241.0,716.53076,81.67778,4.0,551.0,95.04546,163.00711,73.63333,1,0.04096383601427078,180
M,11_M,899.63333,111.0,2193.0,715.25007,66.54444,0.0,263.0,715.25007,107.96667,8.0,671.0,123.36406,130.11876,58.43333,1,0.05460966378450394,180
C,11_C,8945.30556,2124.0,16490.0,6792.54607,587.30556,12.0,1752.0,6792.54607,994.5,87.0,5182.0,1229.89102,118.53653,79.75,1,0.054680898785591125,36
T,11_T,8788.33333,2176.0,16001.0,6816.63633,624.16667,125.0,1318.0,6816.63633,577.58333,112.0,1275.0,464.24806,122.72135,82.25,1,0.057315804064273834,12
D,11_D,942.92829,121.0,2203.0,741.44884,43.57558,0.0,291.0,741.44884,172.23062,6.0,719.0,184.69708,153.20138,68.22287,1,0.05505557358264923,516
G,11_G,9043.25,2269.0,16346.0,7036.57906,568.58333,107.0,1230.0,7036.57906,554.91667,103.0,1129.0,429.23451,120.05984,80.83333,1,0.0564165860414505,12
Y,11_Y,8789.5,2072.0,16347.0,6892.86999,668.58333,127.0,1361.0,6892.86999,567.25,123.0,1087.0,439.89216,112.7207,75.08333,1,0.06074656918644905,12
I,11_I,956.5407,124.0,2202.0,752.10097,27.60659,0.0,266.0,752.10097,213.89535,9.0,718.0,210.18468,104.69468,46.49419,1,0.0510898157954216,516
A,11_A,8733.41667,2151.0,15543.0,6754.21551,662.41667,99.0,1439.0,6754.21551,541.08333,78.0,1130.0,431.73318,123.50646,83.08333,1,0.04615786671638489,12
AD,11_AD,9071.33333,2072.0,16266.0,7166.89252,604.5,114.0,1233.0,7166.89252,517.75,152.0,1016.0,366.707,124.13292,83.16667,1,0.05994157493114473,12
AA,11_AA,9123.36111,2043.0,17620.0,6974.85892,463.08333,0.0,1696.0,6974.85892,1303.05556,115.0,5009.0,1490.32069,109.5421,73.61111,1,0.062252029776573174,36
V,11_V,903.09444,116.0,2190.0,717.9634,68.82222,0.0,269.0,717.9634,109.61111,9.0,640.0,117.47361,139.98417,63.4,1,0.051720041781663895,180
J,11_J,903.32778,110.0,2212.0,717.3794,64.53333,0.0,259.0,717.3794,117.33889,9.0,619.0,122.92656,135.87526,61.6,1,0.051660776138305664,180
W,11_W,9064.25,2130.0,16341.0,7172.78586,624.0,111.0,1525.0,7172.78586,545.66667,148.0,1094.0,410.67513,113.62314,76.16667,1,0.0554034486413002,12
J,12_J,893.47778,117.0,2160.0,704.89209,74.36111,0.0,262.0,704.89209,62.21111,6.0,233.0,53.23081,163.06899,73.15556,1,0.042424332350492484,180
G,12_G,9061.25,2157.0,16234.0,7135.3381,508.58333,95.0,1274.0,7135.3381,491.08333,103.0,1119.0,388.28304,113.38532,75.83333,1,0.045579113066196435,12
W,12_W,9125.41667,2138.0,16418.0,7202.4701,513.08333,69.0,1170.0,7202.4701,509.75,100.0,1063.0,404.69902,119.23975,79.5,1,0.049754727631807334,12
T,12_T,9063.08333,2196.0,16490.0,7099.32945,517.91667,110.0,1151.0,7099.32945,488.33333,78.0,1017.0,407.44288,119.28313,79.58333,1,0.043175626546144485,12
V,12_V,895.22778,116.0,2187.0,706.64208,73.18889,0.0,279.0,706.64208,60.3,0.0,270.0,51.49452,164.63461,73.89444,1,0.03878908231854439,180
Y,13_Y,8960.33333,2205.0,17155.0,7003.08922,565.0,117.0,1255.0,7003.08922,539.25,62.0,1225.0,462.05846,109.2854,73.25,1,0.04822811484336853,12
V,13_V,898.4,121.0,2233.0,706.45798,71.26111,0.0,253.0,706.45798,63.31667,4.0,303.0,57.00313,163.26441,73.65,1,0.042625751346349716,180
A,13_A,8956.75,2196.0,15827.0,6920.01764,570.08333,82.0,1140.0,6920.01764,528.66667,73.0,1134.0,443.22257,94.44368,63.75,1,0.04505819454789162,12
G,13_G,9059.33333,2249.0,16520.0,7081.33619,515.58333,116.0,1212.0,7081.33619,491.83333,95.0,1088.0,397.96478,111.18815,74.83333,1,0.0471063069999218,12
AB,13_AB,9285.66667,2227.0,16675.0,7298.34616,507.66667,99.0,922.0,7298.34616,502.0,72.0,1052.0,416.51738,112.37817,75.66667,1,0.05180711299180985,12
B,13_B,907.41111,126.0,2139.0,713.096,62.70556,2.0,260.0,713.096,51.17778,4.0,173.0,41.48933,171.3429,78.13333,1,0.032451286911964417,180
T,13_T,9115.83333,2218.0,16308.0,7126.27563,528.58333,90.0,1278.0,7126.27563,477.33333,68.0,950.0,387.47489,106.5027,71.5,1,0.045908346772193916,12
F,13_F,8925.38889,2067.0,16794.0,6800.55533,657.86111,81.0,1620.0,6800.55533,552.63889,86.0,1211.0,428.19669,119.71552,80.91667,1,0.04922029376029968,36
AA,13_AA,8880.55556,2154.0,16263.0,6738.94508,679.5,85.0,1806.0,6738.94508,637.38889,85.0,1707.0,507.5756,106.35298,72.11111,1,0.05205526575446129,36
M,13_M,884.79444,120.0,2137.0,696.25808,75.87222,0.0,266.0,696.25808,67.17222,4.0,474.0,66.80446,149.34589,67.22778,1,0.034257616847753525,180
C,13_C,8916.11111,2052.0,16644.0,6805.35337,618.33333,60.0,1773.0,6805.35337,660.41667,134.0,1684.0,540.01716,116.34082,79.05556,1,0.050568096339702606,36
Q,13_Q,8902.44444,2103.0,17165.0,6778.8343,674.61111,113.0,1701.0,6778.8343,622.13889,92.0,1533.0,483.16505,108.3611,73.08333,1,0.05211914330720902,36
D,13_D,916.29651,109.0,2209.0,720.78432,67.08333,0.0,247.0,720.78432,99.86434,5.0,661.0,111.58641,166.62765,74.7907,1,0.03760048747062683,516
J,13_J,893.52778,123.0,2206.0,704.46971,73.73333,0.0,260.0,704.46971,67.38889,5.0,275.0,62.92963,162.60967,73.67778,1,0.043893638998270035,180
N,13_N,8874.16667,2149.0,15966.0,6928.00895,581.33333,106.0,1373.0,6928.00895,542.25,104.0,1083.0,438.96327,115.07219,76.91667,1,0.052573122084140785,12
I,13_I,930.74419,109.0,2204.0,733.93922,53.93992,0.0,374.0,733.93922,153.80426,4.0,704.0,177.94994,131.54311,58.81202,1,0.042447268962860114,516
W,13_W,9031.91667,1986.0,16517.0,7187.08824,531.58333,88.0,1093.0,7187.08824,513.25,100.0,1020.0,386.0184,111.63438,74.66667,1,0.05020590499043465,12
AD,13_AD,9051.33333,2223.0,16713.0,7035.62875,566.41667,65.0,1331.0,7035.62875,509.66667,99.0,1004.0,401.32787,109.35258,73.58333,1,0.049249943345785134,12
