letter,phase_letter,mean_mse,min_mse,max_mse,stdev_mse,mean_mape,min_mape,max_mape,stdev_mape,mean_mae,min_mae,max_mae,stdev_mae,mean_training_time,mean_num_epochs,location_scheme,datastream_scheme,num_experiments
J,22_J,0.01863,0.00345,0.02958,0.00484,458427.49894,17.04932,11237713.0,0.00484,0.09451,0.01186,0.12329,0.02261,56.54241,52.28333,1,0,180
M,22_M,0.01825,0.00371,0.02732,0.00468,352138.42967,17.04932,2028186.375,0.00468,0.09343,0.01186,0.11374,0.02262,60.09103,56.08889,1,0,180
W,22_W,0.01877,0.01675,0.02089,0.00164,329966.33984,163863.71875,812517.8125,0.00164,0.09756,0.09096,0.10416,0.00529,48.29357,64.83333,0,0,12
Q,22_Q,0.01866,0.00319,0.04023,0.01417,3629449.67741,54246.30859,12207909.0,0.01417,0.08976,0.02005,0.15652,0.0539,43.00617,58.44444,0,1,36
N,22_N,0.01879,0.01688,0.02087,0.00179,345165.44141,155480.07812,696499.8125,0.00179,0.098,0.09169,0.10482,0.00553,47.49572,63.75,0,0,12
V,22_V,0.0187,0.00349,0.03005,0.00489,487912.23828,17.04932,15950419.0,0.00489,0.09481,0.01186,0.12408,0.02248,52.95843,49.42778,1,0,180
Y,22_Y,0.01882,0.0167,0.02098,0.00186,362291.65365,154951.73438,942548.3125,0.00186,0.09812,0.09084,0.10447,0.00588,52.02927,70.25,0,0,12
B,22_B,0.01799,0.00344,0.02552,0.00462,1092285.05876,51.26612,13951878.0,0.00462,0.09328,0.01883,0.11275,0.0198,62.32301,57.97778,1,0,180
A,22_A,0.01887,0.01675,0.0213,0.00192,332200.23438,161238.85938,602894.0625,0.00192,0.09799,0.09029,0.10584,0.00631,41.98135,56.08333,0,0,12
C,22_C,0.01845,0.00324,0.03807,0.01392,3399446.37609,52997.58203,13288702.0,0.01392,0.08905,0.01901,0.15357,0.05368,37.25076,50.27778,0,1,36
G,22_G,0.01882,0.01683,0.02126,0.00187,339033.0013,164924.875,978565.6875,0.00187,0.09794,0.09134,0.10676,0.00615,44.75107,60.0,0,0,12
AB,22_AB,0.01874,0.01679,0.02095,0.00176,392408.93099,151531.14062,812892.5,0.00176,0.09744,0.0913,0.10517,0.00544,51.51022,69.58333,0,0,12
AD,22_AD,0.01898,0.01707,0.02102,0.00184,287665.3099,152392.03125,650822.875,0.00184,0.09814,0.09143,0.10497,0.00588,43.11211,58.16667,0,0,12
F,22_F,0.01859,0.00321,0.03772,0.01387,2937653.07417,15.80672,10695738.0,0.01387,0.08899,0.01291,0.15301,0.05426,46.77362,63.36111,0,1,36
T,22_T,0.01881,0.01658,0.02171,0.002,378668.82552,153797.82812,699047.5,0.002,0.09787,0.09078,0.1065,0.00613,46.32967,62.75,0,0,12
AA,22_AA,0.01885,0.00319,0.04061,0.01432,3644775.58474,51375.82031,11827640.0,0.01432,0.09,0.02079,0.15762,0.05403,42.47544,57.86111,0,1,36
