letter,phase_letter,mean_accuracy,min_accuracy,max_accuracy,stdev_accuracy,mean_mse,min_mse,max_mse,stdev_mse,mean_training_time,mean_num_epochs,location_scheme,datastream_scheme,num_experiments
C,10_C,0.87659,0.7649,0.93693,0.04478,0.0856,0.04477,0.16263,0.02886,121.42204,82.35417,0,1,48
Q,10_Q,0.87045,0.75792,0.92982,0.04769,0.09222,0.05068,0.17305,0.03342,109.96849,73.95833,0,1,48
J,10_J,0.88825,0.78635,0.95223,0.02892,0.07831,0.03747,0.16852,0.01959,160.88901,72.51111,1,0,180
V,10_V,0.88865,0.78338,0.94529,0.02971,0.0781,0.04064,0.16404,0.01935,164.35698,73.77222,1,0,180
T,10_T,0.91846,0.9004,0.93627,0.01022,0.05853,0.0496,0.06897,0.00631,113.31516,75.91667,0,0,12
AB,10_AB,0.90814,0.89608,0.93718,0.01164,0.06437,0.04413,0.07199,0.00815,116.0212,77.66667,0,0,12
Y,10_Y,0.91203,0.89575,0.93235,0.01338,0.06141,0.0478,0.07308,0.00896,116.95361,78.25,0,0,12
I,10_I,0.82142,0.63725,0.941,0.06955,0.12926,0.04811,0.23463,0.04854,111.99224,49.60632,1,1,696
A,10_A,0.91545,0.87004,0.93889,0.01989,0.0606,0.04709,0.08875,0.01177,103.30285,69.0,0,0,12
F,10_F,0.872,0.74052,0.92818,0.05448,0.0873,0.05122,0.15661,0.03186,112.57435,75.91667,0,1,48
N,10_N,0.91319,0.88717,0.93431,0.01462,0.0606,0.04608,0.07982,0.01048,113.97263,76.16667,0,0,12
AD,10_AD,0.91576,0.88725,0.93108,0.01285,0.05993,0.04967,0.07587,0.00786,114.16203,76.83333,0,0,12
AA,10_AA,0.86488,0.73287,0.92882,0.05161,0.09513,0.05321,0.1935,0.03456,105.23154,71.0,0,1,48
D,10_D,0.84266,0.64734,0.9587,0.06713,0.10986,0.02945,0.21449,0.0429,161.30778,71.83908,1,1,696
M,10_M,0.89003,0.81899,0.95575,0.02684,0.07667,0.03439,0.1322,0.01748,157.98078,71.62222,1,0,180
G,10_G,0.90716,0.88581,0.92575,0.01148,0.06519,0.05573,0.07897,0.00706,102.75909,68.75,0,0,12
W,10_W,0.91564,0.89584,0.94816,0.01433,0.05982,0.03777,0.07191,0.00955,103.60686,68.91667,0,0,12
B,10_B,0.90894,0.84615,0.95745,0.02177,0.06413,0.03307,0.09792,0.01346,177.96151,80.39444,1,0,180
Q,11_Q,0.85415,0.73693,0.91649,0.05076,0.10425,0.05915,0.18036,0.03635,107.75576,72.02778,0,1,36
AB,11_AB,0.90326,0.88567,0.9268,0.01339,0.0696,0.05347,0.07979,0.00966,118.23929,78.91667,0,0,12
F,11_F,0.86254,0.76732,0.92206,0.05262,0.09279,0.05804,0.14485,0.0307,111.46557,74.66667,0,1,36
N,11_N,0.89726,0.85185,0.9159,0.0171,0.07275,0.05842,0.10106,0.01189,125.66865,83.66667,0,0,12
B,11_B,0.87532,0.75,0.94355,0.03568,0.0875,0.04096,0.17399,0.02516,163.00711,73.63333,1,0,180
M,11_M,0.8517,0.69805,0.92415,0.04333,0.10437,0.05461,0.20446,0.02997,130.11876,58.43333,1,0,180
C,11_C,0.87176,0.75737,0.92321,0.04434,0.09002,0.05468,0.15431,0.02952,118.53653,79.75,0,1,36
T,11_T,0.90118,0.87568,0.91932,0.01366,0.06932,0.05732,0.08411,0.00915,122.72135,82.25,0,0,12
D,11_D,0.82476,0.66643,0.93452,0.06437,0.12287,0.05506,0.2055,0.04009,153.20138,68.22287,1,1,516
G,11_G,0.90535,0.88406,0.9216,0.01244,0.0671,0.05642,0.08302,0.00799,120.05984,80.83333,0,0,12
Y,11_Y,0.89568,0.88438,0.91457,0.01066,0.07406,0.06075,0.08297,0.00781,112.7207,75.08333,0,0,12
I,11_I,0.80614,0.65217,0.93622,0.06618,0.14182,0.05109,0.22397,0.04432,104.69468,46.49419,1,1,516
A,11_A,0.90508,0.88123,0.93562,0.01356,0.06753,0.04616,0.08385,0.00924,123.50646,83.08333,0,0,12
AD,11_AD,0.90252,0.87157,0.91494,0.01232,0.06893,0.05994,0.08667,0.00815,124.13292,83.16667,0,0,12
AA,11_AA,0.85415,0.73856,0.92335,0.04892,0.10412,0.06225,0.16852,0.03378,109.5421,73.61111,0,1,36
V,11_V,0.85064,0.68843,0.93034,0.043,0.10447,0.05172,0.19892,0.02823,139.98417,63.4,1,0,180
J,11_J,0.84827,0.71078,0.93215,0.0415,0.10653,0.05166,0.2049,0.02944,135.87526,61.6,1,0,180
W,11_W,0.8977,0.87536,0.92321,0.01689,0.07283,0.0554,0.08953,0.01198,113.62314,76.16667,0,0,12
